0.0000
1.5602
3.0493
4.4797
5.8641
7.2150
8.5449
9.8665
11.1923
12.5348
13.9066
15.3203
16.7884
18.3235
19.9381
21.6449
23.4563
25.3850
27.4435
29.6443
32.0000
36.9721
43.8201
52.3240
62.2638
73.4193
85.5705
98.4974
111.9798
125.7978
139.7312
153.5600
167.0640
180.0234
192.2179
203.4275
213.4321
222.0118
228.9464
234.0158
237.0000
238.5734
240.0940
241.5589
242.9649
244.3091
245.5884
246.7999
247.9405
249.0072
249.9970
250.9068
251.7337
252.4746
253.1265
253.6864
254.1512
254.5180
254.7838
254.9454
255.0000
253.1512
247.8600
239.5088
228.4800
215.1562
199.9200
183.1537
165.2400
146.5613
127.5000
108.4387
89.7600
71.8462
55.0800
39.8438
26.5200
15.4912
7.1400
1.8487
0.0000
0.0000
0.0000
0.0000
0.0000
0.0000
0.0000
0.0000
0.0000
0.0000
0.0000
0.0000
0.0000
0.0000
0.0000
0.0000
0.0000
0.0000
0.0000
0.0000
7.0000
12.0102
17.0388
22.0825
27.1381
32.2023
37.2719
42.3436
47.4143
52.4806
57.5394
62.5874
67.6214
72.6381
77.6343
82.6068
87.5524
92.4677
97.3495
102.1947
107.0000
115.0894
123.7385
132.8420
142.2944
151.9905
161.8247
171.6917
181.4862
191.1028
200.4360
209.3804
217.8308
225.6817
232.8277
239.1635
244.5836
248.9827
252.2554
254.2963
255.0000
254.6555
253.6496
252.0242
249.8209
247.0814
243.8474
240.1606
236.0627
231.5954
226.8004
221.7193
216.3940
210.8661
205.1772
199.3691
193.4836
187.5622
181.6466
175.7787
170.0000
163.7936
156.3417
147.8135
138.3780
128.2044
117.4617
106.3189
94.9453
83.5099
72.1817
61.1299
50.5235
40.5317
31.3236
23.0681
15.9345
10.0918
5.7091
2.9555
2.0000
2.0244
2.0950
2.2081
2.3600
2.5469
2.7650
3.0106
3.2800
3.5694
3.8750
4.1931
4.5200
4.8519
5.1850
5.5156
5.8400
6.1544
6.4550
6.7381
100.0000
105.2736
110.7684
116.4453
122.2654
128.1895
134.1787
140.1940
146.1962
152.1463
158.0054
163.7344
169.2943
174.6459
179.7504
184.5686
189.0616
193.1902
196.9155
200.1985
203.0000
207.1135
211.1632
215.1329
219.0070
222.7694
226.4042
229.8957
233.2278
236.3848
239.3506
242.1093
244.6452
246.9423
248.9847
250.7565
252.2417
253.4246
254.2892
254.8197
255.0000
253.1513
247.8600
239.5088
228.4800
215.1563
199.9200
183.1538
165.2400
146.5613
127.5000
108.4388
89.7600
71.8463
55.0800
39.8437
26.5200
15.4913
7.1400
1.8488
0.0000
0.0000
0.0000
0.0000
0.0000
0.0000
0.0000
0.0000
0.0000
0.0000
0.0000
0.0000
0.0000
0.0000
0.0000
0.0000
0.0000
0.0000
0.0000
0.0000
0.0000
0.4875
1.9000
4.1625
7.2000
10.9375
15.3000
20.2125
25.6000
31.3875
37.5000
43.8625
50.4000
57.0375
63.7000
70.3125
76.8000
83.0875
89.1000
94.7625